64
64
103
103
103
81
81
38
38
38
66
66
66
48
48
36
36
36
35
35
35
37
37
37
56
56
68
68
68
78
78
78
71
71
77
77
77
87
87
87
82
82
82
79
79
54
54
54
57
57
57
72
72
112
112
112
113
113
113
69
69
69
98
98
100
100
100
109
109
109
52
52
101
101
101
65
65
65
97
97
97
53
53
80
80
80
85
85
85
88
88
83
83
83
90
90
90
104
104
104
51
51
75
75
75
106
106
106
119
119
111
111
111
50
50
50
73
73
73
86
86
102
102
102
107
107
107
67
67
70
70
70
49
49
49
116
116
121
121
121
91
91
91
93
93
93
108
108
123
123
123
125
125
125
105
105
110
110
110
117
117
117
74
74
74
115
115
122
122
122
84
84
84
89
89
120
120
120
55
55
55
99
99
99
61
61
76
76
76
40
40
40
41
41
63
63
63
43
43
43
118
118
118
114
114
124
124
124
42
42
42
47
47
92
92
92
33
33
33
60
60
60
62
62
126
126
126
59
59
59
95
95
34
34
34
94
94
94
44
44
44
58
58
45
45
45
39
39
39
46
46
96
96
96
32
32
